tenure,usage_freq,complaints,churn
39,82,8,0
52,91,3,0
29,66,8,0
15,44,2,0
43,89,6,0
8,84,5,0
21,86,7,0
39,57,10,0
58,28,8,0
19,30,4,0
23,93,0,0
11,64,2,0
11,45,9,0
24,33,7,0
53,19,10,0
36,49,5,0
40,69,7,0
24,93,8,0
3,75,3,0
22,13,0,0
53,92,0,0
2,5,9,0
24,12,3,0
44,92,6,0
30,67,1,0
38,15,2,0
2,85,0,0
60,12,4,0
21,39,0,0
33,39,7,0
12,37,0,0
58,9,10,0
22,45,0,0
44,32,1,0
25,11,1,0
49,77,5,0
27,76,6,0
59,16,4,0
42,38,0,0
28,37,0,0
60,52,2,0
16,27,1,0
15,66,4,0
47,92,9,0
51,41,5,0
44,48,6,0
55,90,3,0
52,95,6,0
57,39,10,0
3,69,7,0
37,51,10,0
51,82,0,0
7,7,5,0
21,5,7,0
9,9,4,0
39,94,3,0
18,18,1,0
4,31,5,0
25,13,5,0
60,83,10,0
14,19,0,0
50,94,8,0
58,46,10,0
9,81,5,0
26,55,2,0
53,67,3,0
2,100,10,0
20,56,3,0
28,100,2,0
47,8,9,0
60,98,2,0
7,27,2,0
44,19,3,0
8,47,6,0
47,33,3,0
35,40,8,0
14,17,0,0
17,36,7,0
36,75,6,0
50,63,1,0
40,90,7,0
4,32,0,0
2,70,10,0
6,46,8,0
54,49,8,0
42,66,1,0
4,61,6,0
54,10,9,0
29,32,2,0
18,32,6,0
26,48,9,0
44,88,8,0
34,34,3,0
10,66,0,0
36,79,1,0
14,96,0,0
31,93,4,0
48,66,4,0
15,5,10,0
8,31,6,0